92.8696
132.643
148.344
151.758
157.955
163.646
162.016
163.723
167.04
164.577
163.842
166.093
163.864
161.38
163.028
161.427
157.57
158.833
158.009
153.041
154.038
154.026
148.162
148.967
149.738
143.169
143.829
144.464
139.073
138.765
139.294
34.9041
150.252
151.924
154.076
150.637
153.746
152.287
152.516
151.639
149.962
155.031
150.113
151.771
153.005
149.612
148.67
155.05
147.183
151.837
152.544
152.943
156.465
155.986
152.267
152.202
153.401
146.055
156.55
152.153
150.155
152.944
149.745
37.366
148.98
150.007
150.64
150.627
149.787
153.447
152.045
152.892
151.473
152.032
155.043
148.2
149.455
146.947
155.157
149.691
149.658
155.983
155.532
151.804
152.307
149.954
153.83
153.967
154.866
154.576
155.154
153.115
153.08
153.838
148.239
37.7603
151.784
146.87
157.421
151.106
154.562
152.149
157.225
152.701
151.5
149.576
153.521
148.523
153.278
155.819
152.844
148.276
148.633
154.883
152.48
155.742
152.955
149.344
151.458
153.442
151.908
152.629
148.723
150.501
149.379
151.9
153.541
35.4122
155.772
151.473
154.522
151.796
151.732
151.114
151.451
154.37
148.475
154.416
155.365
154.153
151.871
149.291
153.757
148.22
153.822
151.159
147.406
151.855
150.694
148.559
154.505
151.318
154.758
149.005
149.263
156.402
150.373
154.816
151.421
36.9527
