65.7418
65.8198
66.2664
62.408
55.1601
51.0771
51.6452
48.4607
46.6132
44.6964
43.4714
41.5905
40.8544
39.0882
38.2275
40.6203
38.8794
37.11
38.6839
33.7443
35.6675
37.8664
40.3631
35.7694
34.2322
31.3774
35.7102
34.8287
35.4107
32.8036
35.1225
34.8985
40.2276
37.7076
36.057
41.2255
36.6825
37.3295
35.8685
31.2661
37.325
31.344
35.6552
31.3452
36.4822
29.3663
35.0565
26.2466
30.2181
31.3034
34.6978
35.1603
39.8786
31.6206
43.0552
28.3821
35.0107
37.2213
35.0028
40.926
38.7987
29.5606
37.1053
32.4085
28.8602
31.8076
31.0091
34.5009
33.4684
37.8274
35.4342
41.4779
35.6017
37.4152
32.672
28.0419
37.3355
31.1652
36.4974
35.9582
39.168
38.0378
37.7311
31.4162
36.9255
28.1857
38.987
35.8623
33.1296
36.3392
38.145
39.6001
37.5753
37.2376
39.7399
30.4123
34.9837
34.527
34.7142
34.3962
31.1891
35.691
32.2547
38.7106
29.9954
31.7878
34.9488
35.6774
37.9565
38.8282
33.7406
29.7051
36.46
32.4275
31.2777
31.5738
38.8044
32.8351
33.1897
30.8178
32.7714
33.7088
34.8065
34.6555
31.9748
35.2585
31.4234
29.1505
33.1564
31.2681
32.3596
39.12
35.0332
35.763
31.4292
34.9065
29.6043
32.6924
33.3457
28.5594
32.3051
32.7401
34.9678
34.1931
34.866
34.383
31.3592
28.5989
32.5056
33.7011
33.2555
36.1077
32.9132
36.1096
38.9441
39.8242
8.15194
35.9722
28.0589
29.9901
33.9057
34.7445
29.6031
25.5063
34.5959
31.1637
29.4559
29.7814
32.5181
26.0417
28.565
32.589
35.3024
30.0453
35.8928
32.8028
33.4857
31.1156
28.8965
32.2527
29.838
33.8409
33.0672
29.933
28.0755
28.6767
30.6281
28.3508
33.5461
33.3485
31.2775
28.4618
28.6286
32.4171
35.7781
33.5779
32.0684
32.4267
27.407
29.2235
29.5357
31.6723
31.3578
30.9448
29.1886
27.6609
34.819
31.9197
28.3565
28.346
31.8697
27.4992
27.1821
32.407
30.0878
29.4128
33.0905
30.4604
27.9065
30.3851
27.232
31.4663
29.3333
34.3288
32.8828
31.0945
28.8651
30.1711
30.1036
32.9729
25.0884
26.6721
28.1074
30.1078
32.469
27.3728
27.0273
24.2737
34.6848
27.2438
27.7609
23.7536
30.108
27.9303
30.8519
27.4811
29.7263
23.4441
31.5727
29.6269
24.7089
24.5038
24.8766
29.839
29.3583
27.9214
25.2072
24.2532
31.0179
26.0952
29.2947
26.3585
25.631
28.0714
26.8335
27.9262
27.9203
23.304
27.6923
25.0304
22.9557
22.8905
26.5114
27.4229
30.9402
26.0781
25.3378
28.2208
22.5401
27.5412
25.9753
25.6725
29.2645
26.8951
24.8542
26.338
25.6566
30.1093
24.6884
25.2858
20.3777
25.8422
23.9239
27.466
24.5179
22.9893
27.3572
29.0999
31.5284
27.7776
28.5277
26.0728
25.0784
26.1447
20.2327
27.1236
24.1077
29.6824
20.6881
26.0329
27.1511
24.6309
28.4626
7.69847
25.0786
28.0177
19.0168
27.266
30.3521
21.8772
22.208
26.5481
25.6698
25.782
24.9714
23.5153
23.5505
26.3978
25.4764
24.4379
23.945
24.5811
22.8919
22.2915
20.6377
22.1004
24.2129
20.7691
23.6096
23.3771
20.0494
33.0532
26.4483
26.2868
25.9427
27.0038
27.4016
21.4627
26.054
22.5289
23.8357
23.6295
23.8256
24.5373
20.7991
25.6946
26.1421
25.2932
23.6359
23.2675
23.1127
23.6495
20.1295
23.46
24.0095
23.9045
24.6018
16.5031
23.899
18.0802
20.9893
24.7783
21.5738
23.7904
24.0896
21.0505
25.4711
21.0715
20.9393
22.5699
28.1776
21.8646
18.794
22.1126
20.0379
26.2311
19.855
24.9471
22.9481
21.5056
21.7054
21.6707
22.8793
20.3899
25.4818
21.8676
23.7552
23.4252
22.3528
19.0508
22.2078
24.0993
22.4342
21.3347
20.2265
24.5762
20.7441
23.7138
20.479
23.278
23.3403
17.7764
19.243
22.3109
17.0186
17.5884
21.025
22.8703
21.8908
21.7788
20.5992
20.416
24.3042
22.9419
22.3504
21.4183
21.7499
16.2848
21.0525
18.4751
17.1441
20.8773
21.7238
20.2228
19.5991
21.3465
21.099
23.5762
17.7427
20.3193
17.633
23.1798
18.066
23.5151
18.6022
18.3235
21.6741
20.0742
20.9972
19.6898
17.4434
18.6607
21.5974
19.5265
18.6901
19.3556
22.1443
25.1318
19.9101
19.8414
17.6962
19.3784
19.8054
19.3971
17.5094
19.8026
19.0305
16.2435
19.5003
21.3609
3.84159
18.2914
19.6817
19.7473
19.2989
19.1531
17.3473
19.9969
18.9711
20.2596
18.8455
19.1851
22.0942
16.2621
17.6891
19.664
18.8
16.6343
23.2364
21.4472
19.6395
16.4438
16.7009
20.9087
18.7531
19.3498
19.1525
20.5497
16.6277
15.3406
18.0756
18.3091
17.1484
17.9738
15.346
19.6406
19.154
18.3047
16.1196
19.2589
18.8481
17.2602
18.8434
18.3243
15.7259
15.963
16.7027
17.7078
16.5852
16.6109
21.6667
17.6998
16.149
21.2713
16.6663
20.8704
16.9056
16.554
20.1788
14.2606
17.3646
15.672
15.5021
17.6936
17.5816
18.6347
16.4856
18.6118
16.938
17.7369
14.0662
22.3163
17.928
18.0357
15.3143
16.2581
15.7224
18.5781
20.1181
18.109
16.7843
16.8225
19.5454
15.0716
13.0409
15.6261
18.4013
17.8361
13.9261
16.8932
13.8464
19.8283
16.7077
16.7056
15.1267
19.7453
16.9488
17.5831
16.2172
16.036
11.7942
13.7564
19.041
21.5822
15.0244
16.0076
14.8472
16.9676
15.5731
14.8186
15.1717
16.8798
17.8664
15.2655
14.5021
15.8958
14.6072
18.7359
15.7523
17.1702
20.0269
15.2047
14.3205
16.3899
15.0503
14.1774
12.7515
15.8515
15.7306
20.1801
15.2764
13.7719
15.9524
14.8012
14.401
11.2716
15.1168
19.9397
14.772
16.0886
15.9406
16.9909
16.8135
18.0318
14.5969
13.8927
17.8487
15.3085
15.305
14.0347
13.9702
15.9062
13.5023
13.5663
15.2451
14.2123
15.7026
4.66098
13.6181
14.1625
13.3669
14.5651
13.2514
13.5835
18.1961
16.5086
16.1643
14.6557
17.0181
13.9308
11.991
14.8443
12.3397
14.3087
12.0684
13.4837
18.7557
17.4657
12.8515
12.4406
12.9481
13.1388
17.849
17.7689
14.8231
17.7426
13.687
12.4423
15.081
16.1035
13.4004
14.2027
13.4574
14.2859
19.4549
12.1453
12.3109
17.1796
16.2675
14.3803
14.8363
16.1036
15.3262
15.2761
14.0937
13.9016
12.9814
13.9783
13.9119
17.4601
12.7617
14.1571
16.0026
11.4233
14.1852
18.2577
13.3158
14.795
9.81489
15.6023
13.7694
11.7978
15.3654
12.3404
13.6357
14.4481
14.2096
13.9421
10.8957
14.3298
10.4033
12.5019
12.8539
11.461
13.3948
13.2356
16.6555
10.5996
10.131
11.8324
14.2663
15.0238
13.5241
12.6066
12.4127
10.9108
11.0773
15.1025
11.4507
14.4226
12.4038
11.8302
17.9265
11.3193
15.6953
12.5716
15.4958
12.4663
12.0612
11.4216
11.1927
12.2773
10.6094
12.2753
16.2347
14.8724
13.7406
16.0011
13.387
12.8678
12.6471
13.5996
13.3918
13.3141
11.1329
15.1168
11.6353
13.9196
13.9551
11.4654
12.7141
12.0635
12.7456
15.3733
12.1987
13.4133
10.9824
13.1875
9.91762
12.6162
10.5008
13.2846
12.8769
9.25614
12.1163
13.8359
15.259
12.9104
11.4261
14.5472
13.6329
15.6762
10.4626
12.6294
14.246
12.9392
10.8095
11.6003
13.253
11.5829
12.9291
15.5087
13.4245
13.6077
4.39004
11.7362
14.6901
9.67135
12.6034
9.45778
13.3088
11.345
11.1243
13.0962
9.47186
12.5061
11.6351
10.4734
14.3032
12.438
11.1085
10.9674
11.1977
12.4937
12.2712
12.8055
10.5498
11.4455
11.0139
12.0481
14.6296
13.1559
13.1656
12.5282
9.32431
12.4612
11.817
11.9303
13.286
10.751
11.1201
10.5902
12.9456
11.6792
10.9716
14.3932
11.0953
11.8784
11.5827
12.4169
13.2437
10.7692
10.6873
11.5232
11.7432
12.6753
10.117
12.5981
9.19975
13.0933
10.9893
14.3357
12.6324
13.0956
11.8322
9.98653
8.75709
10.6629
10.059
13.1241
10.2477
10.1927
13.4237
10.0791
10.7608
10.6334
12.0095
12.022
12.9458
9.15883
9.05465
11.5437
10.3075
9.23789
10.7236
13.3851
9.34843
13.2116
10.5029
9.35769
11.6953
13.909
11.3749
12.2338
13.0117
10.2887
10.4203
10.3087
10.7857
11.2918
11.0605
9.05826
9.16945
11.9825
12.8534
9.38171
14.2867
11.9139
10.3464
10.7382
12.7181
12.2507
12.9222
12.6318
9.88881
10.6331
10.3988
11.7428
11.8862
12.5056
9.95339
11.7416
9.95622
11.4741
10.4349
13.8406
11.3154
12.9563
10.7003
8.63257
8.97596
11.5769
10.314
11.5936
11.9385
8.93154
10.1419
8.70206
11.6462
9.51706
7.7381
11.2805
9.96133
10.1369
10.3047
11.2706
9.74937
12.5383
9.85341
13.5391
13.7788
9.84311
10.5411
11.2062
11.8524
10.2516
10.1297
11.0302
11.9055
10.6385
8.93381
5.08359
7.33386
8.96474
10.3547
8.88362
9.1879
12.3655
12.8266
12.3152
11.3461
8.86996
8.66138
11.8021
9.62995
9.36936
11.1366
8.33763
8.67082
9.04933
10.0843
11.8728
11.8869
7.25459
10.0884
11.3865
12.1843
10.0601
11.3278
9.70398
7.93013
9.98281
7.77224
9.66117
8.61156
10.683
11.4595
11.4654
11.7292
9.72536
10.5466
8.83734
11.9221
8.89544
10.5605
9.11179
10.1767
10.2166
9.37436
9.8769
10.8995
10.3845
7.51815
11.8264
10.6531
9.35252
11.6776
9.20483
13.6095
9.87082
9.38411
9.34076
9.88195
12.7421
11.8766
8.43433
12.097
10.0898
8.54678
9.15959
12.6343
9.9185
9.30869
8.73674
10.0981
11.0387
10.8571
8.17485
12.0122
7.00731
9.85605
8.95824
7.22863
10.6255
10.9296
11.5495
11.8027
11.1037
8.78136
10.7639
13.0142
9.53705
9.26794
10.2263
8.94514
7.77724
6.97477
7.44222
7.55858
11.4521
9.8106
9.82296
10.5066
8.19057
11.1938
10.2693
8.8804
9.75046
8.3111
10.2157
8.33595
11.2345
8.07965
10.5525
11.8526
8.74922
9.4035
8.22751
8.51318
8.93264
7.87057
9.77198
8.49566
7.30727
9.65806
9.05248
9.91024
6.98232
9.03918
9.92136
10.9778
9.13333
9.61186
11.9502
10.4041
7.924
10.638
9.34238
8.44959
10.3211
9.76119
9.28877
8.91741
10.1772
11.4503
11.3399
9.26527
10.1397
9.24164
6.99054
10.8569
7.56837
8.26761
11.7427
10.0088
8.16681
7.17609
5.31196
2.51737
9.57083
11.2229
7.43504
7.71426
9.24765
12.0578
9.23078
12.5558
9.84974
8.2963
11.4929
10.0924
11.3446
8.51557
7.64115
9.6112
11.0786
9.44992
9.04659
9.57643
8.34823
10.0556
8.65557
7.21327
9.97896
11.0888
10.357
11.0074
11.1347
10.1702
9.02941
8.47344
8.59868
10.6186
10.3379
9.51954
9.68248
12.533
10.4528
8.87461
7.16425
12.3118
8.978
8.71469
9.20651
7.456
9.12768
7.02584
8.40474
7.62348
8.2107
7.35782
8.0223
10.6408
8.40797
9.77748
9.78717
8.10068
8.73325
6.73144
10.3975
9.32684
7.00063
6.31436
7.63259
6.22224
8.90192
8.84491
6.02017
8.04806
7.86399
8.37703
8.58369
7.06027
6.90471
6.77605
9.08522
10.0426
6.08149
9.16448
6.95339
6.18959
7.60225
12.02
8.7094
8.82229
6.41394
9.01353
10.1522
7.67408
5.28895
8.61053
7.42114
10.0275
7.85428
9.22607
7.45648
6.85312
9.20774
6.18094
8.20899
7.85535
10.281
7.83588
6.45352
7.05083
6.28089
10.7142
6.51847
8.38203
8.03715
8.64909
10.5729
9.70004
7.16993
10.4202
7.77791
10.5763
7.16689
6.12094
8.38307
5.73124
8.58566
7.38185
7.41619
8.6796
11.1164
7.28681
9.64648
7.46612
9.32084
6.92928
7.72895
7.53303
11.301
8.28444
9.59565
10.7336
8.66441
8.21148
7.93759
7.93669
7.51023
9.32923
6.80853
9.08507
10.0713
6.89887
8.36373
7.14146
7.73206
7.97317
8.46017
8.99792
7.28434
8.68305
3.09883
9.03664
8.94695
9.14579
7.69803
9.19744
9.47301
11.5624
9.43916
8.90133
10.123
8.35854
7.4269
9.28544
6.94564
12.6213
6.85373
9.05726
9.45263
7.36053
10.4834
7.02861
8.04361
8.77857
7.90522
6.99819
6.54234
8.59399
6.46964
8.98761
7.55503
7.59307
7.42
7.02647
8.42908
8.82615
6.98331
6.44519
6.33391
8.85276
9.67617
7.66361
7.09101
7.65882
9.17882
8.66278
6.94224
7.43129
7.33444
7.88028
8.03696
8.90689
8.25209
6.56861
10.7236
7.45287
7.51776
8.06243
10.2569
8.4188
6.86899
6.36703
8.32622
8.04373
9.78028
8.59802
6.9591
9.18233
8.0476
6.82117
6.74237
9.58681
6.81638
6.6994
5.46897
9.16862
4.6154
6.31424
8.03858
7.83431
8.92606
9.9209
8.06021
5.46915
6.20781
6.51681
8.77591
7.38845
8.10816
7.20783
6.30428
6.24387
4.19224
8.52372
7.84102
9.41415
5.80656
9.71844
5.15088
7.07763
6.60892
6.48819
5.87532
10.261
9.19466
8.93879
11.4369
7.06344
8.30047
11.9213
7.55553
7.93921
7.83623
7.38729
7.04985
9.7359
7.43712
6.71821
6.4687
8.12185
7.72071
7.49345
8.91928
7.29909
6.52981
7.42571
6.99733
8.90095
8.8581
5.92114
8.85387
7.94287
6.29734
6.04039
9.19396
7.76349
6.25124
6.91004
5.8655
6.56797
7.9157
6.22186
6.15626
9.66972
6.8242
6.07648
5.61253
6.50704
9.07965
7.16134
8.88542
4.21457
9.67547
6.60435
7.38504
7.74053
6.97047
1.25601
6.81184
8.1586
7.2211
6.10827
7.5435
5.96819
6.75577
9.4216
7.16333
9.61966
8.50662
8.70897
5.55192
7.07066
8.48384
7.99255
8.64953
10.2073
8.87495
6.439
8.72755
9.46922
6.23632
9.54673
9.13333
7.42565
7.03373
6.21795
9.13195
6.89571
5.55884
6.40428
6.89495
6.6986
6.18062
9.8102
6.30723
8.38285
4.95989
6.0927
8.9181
5.89055
7.61461
5.75239
7.47036
7.92155
6.86184
6.0921
6.64692
7.09609
6.37972
5.86144
6.0566
6.59786
5.00733
7.39719
6.63155
7.76239
7.37631
7.3205
8.74146
5.81001
8.3176
8.08295
5.26735
5.10005
9.94988
6.28866
6.72649
9.55641
6.48584
5.59687
6.50063
8.007
6.67451
4.17381
5.88546
6.17367
6.66618
5.67523
8.00357
7.70543
9.3304
9.72683
7.06482
6.74467
5.78809
7.49473
6.37458
7.3056
9.57093
6.7809
6.89546
13.9689
5.06698
7.18155
7.57687
6.73361
7.49588
5.45007
6.49342
9.29184
9.22678
6.3008
7.31266
6.22958
7.14922
6.38415
8.65785
7.3271
6.77131
6.43255
6.39224
8.95016
4.96546
3.58308
5.39139
9.02289
6.05701
5.20265
7.76383
5.31405
6.74635
7.39717
7.09502
7.97281
8.0401
5.34426
8.89036
6.80305
10.2952
8.17488
6.40939
4.7501
7.90525
7.49574
4.47072
5.04141
5.14607
9.71084
6.5381
10.1802
5.79458
6.68561
6.94976
4.98773
8.38542
8.18001
8.76372
6.23076
7.58901
5.32256
6.79736
6.49811
8.51177
5.73819
0.785277
5.8301
8.66283
7.09562
4.69968
5.81341
6.02536
8.9069
8.35787
7.40767
5.95238
7.8258
8.30316
4.99694
9.46336
4.01976
8.19566
6.91588
5.6597
6.12895
8.19328
6.29258
5.82007
9.0154
5.2348
7.13351
7.30566
4.9898
7.48631
6.22286
6.97305
7.76376
4.81173
5.48222
8.3613
5.9627
6.96215
6.12723
8.3831
5.4416
6.55447
7.30154
5.78705
7.92464
8.84331
6.41893
7.66519
6.73497
5.71899
6.4487
7.18869
4.99538
5.39316
6.3654
6.71
10.4348
7.43927
5.91221
6.92004
6.65032
7.05386
7.41374
8.20491
5.66954
7.39195
6.39246
6.22014
6.01563
6.31518
6.08982
8.35251
5.67127
3.24924
6.80975
7.42593
6.37417
6.79185
7.8304
10.0056
6.71922
6.00893
7.78481
4.48383
5.41653
7.58798
5.55388
6.96513
4.09826
8.2632
8.93334
5.82787
5.97743
7.93552
3.76683
6.5821
6.30529
6.69261
9.49615
7.56698
7.49303
5.66046
7.66886
7.24948
6.55057
5.64542
6.17119
5.50683
7.08617
6.95251
4.51443
7.07454
7.60978
6.32666
5.55501
7.78279
5.34788
4.97098
4.5792
5.81686
5.547
7.0684
5.74167
7.24784
4.47389
6.08871
4.27024
5.17209
7.06077
5.91974
6.02786
6.50032
6.78448
3.82907
6.36952
6.13618
6.00729
5.94497
6.24564
7.74277
7.89859
8.69628
5.43597
6.59844
9.07065
5.12885
4.04918
6.85939
7.44315
11.0423
7.26211
6.10204
7.22204
7.2979
7.36573
6.8066
7.70933
5.06075
0.713837
5.72117
8.26824
7.94225
4.18109
7.51791
5.60974
9.32108
5.9679
6.32624
7.16666
7.68652
5.17151
6.05172
6.25336
5.53237
7.22434
9.91584
7.60559
10.2214
7.15713
5.14046
4.14951
3.88109
7.27953
7.07575
4.74553
7.56203
6.91865
9.1383
6.06054
7.05744
6.08175
4.71357
4.76826
6.67511
5.48306
5.95045
7.97937
3.70741
5.48825
4.58085
5.4175
6.14919
7.49782
3.93532
5.85866
5.97891
5.6572
5.88852
7.49839
8.52334
4.41034
4.04006
7.26901
5.42609
7.18334
7.99514
8.16506
8.92014
6.35827
7.4667
6.33782
6.68793
6.71456
5.20622
5.99168
4.14651
5.74309
4.85468
5.04481
6.54991
6.6136
4.90617
5.43376
6.10109
5.8047
6.15817
6.04545
4.85985
5.31938
7.01648
3.60808
6.83474
7.89101
5.52006
5.87991
4.77502
6.14505
4.42335
5.66142
6.68384
6.57181
8.14699
6.28394
6.84888
8.52774
4.51164
5.73767
10.2629
6.48321
5.1925
6.50264
7.56374
5.32626
6.46467
7.0408
6.00108
5.75626
6.18353
7.06007
5.47728
3.95578
5.99068
5.85779
4.56499
7.18439
5.94748
9.13148
5.42507
6.1647
7.79121
5.59229
6.2318
4.98085
6.23929
6.63624
7.86656
4.03815
5.12197
5.24445
4.79262
6.31006
3.4378
5.00729
8.25274
3.85016
5.46212
6.54426
4.13203
5.57909
4.43794
6.73667
9.44714
7.17474
6.03732
5.13248
5.64858
4.54511
7.90498
6.82967
5.87668
5.41546
5.81293
5.46764
7.17251
8.25853
0.243523
7.86003
5.57975
8.21716
6.3562
4.7219
6.65326
5.73556
5.32168
5.00138
7.24479
6.53854
5.34295
5.03087
5.08482
8.92834
7.39996
5.66589
6.46505
6.20838
5.61606
5.3932
5.22291
7.22627
6.47877
6.0297
5.2195
4.82472
7.23891
5.39671
3.49874
5.60994
4.28439
4.92044
5.34135
8.44411
4.59956
4.9655
5.15233
6.50935
5.88578
5.31882
5.93395
4.79959
8.20238
5.83518
5.25779
7.66984
3.3155
4.87405
7.78408
4.69133
5.12395
5.35179
7.28491
8.46623
3.92542
5.70339
6.99953
7.43197
5.2148
6.24438
4.36084
6.36157
9.67251
6.47487
5.70061
4.6096
6.53034
5.22601
3.4527
5.32873
5.83484
6.55574
3.82248
4.34083
7.34181
8.06932
7.97243
6.67889
5.07006
5.62131
5.2554
5.36146
6.10421
6.97089
6.57556
3.79418
6.51468
3.95215
6.89643
5.25032
10.5955
4.62154
7.63052
5.09339
7.81239
6.16529
4.85363
4.78295
4.44867
4.23345
5.07833
5.03017
7.40371
5.25157
7.14834
4.68397
7.56115
6.17352
6.83956
5.76492
5.50599
5.34434
6.61317
3.95591
5.0509
6.28512
4.08541
5.32483
7.60983
5.72188
5.45498
5.59257
3.47069
5.81998
3.68277
4.04001
5.06976
8.22884
6.97546
5.64393
3.84156
5.06657
5.22109
7.92267
5.75803
5.92116
5.15124
5.49519
7.34493
5.48571
4.04681
4.40578
5.81898
7.57332
7.06688
4.9746
6.56973
6.60986
5.73161
4.26383
5.64426
5.41212
6.47098
4.90988
4.76043
1.3954
5.82209
6.07588
4.86861
4.76208
5.52286
4.77113
4.39115
5.74355
5.31004
6.66711
8.82581
5.2968
4.20404
4.88045
9.19572
6.23072
5.48048
6.95757
6.62943
6.37204
8.00945
4.90235
5.03969
7.5065
3.23828
7.11624
4.68075
5.66074
6.72112
6.95999
4.74821
3.43209
4.79665
5.70804
4.90043
5.23359
8.60353
5.57279
3.99008
4.47112
6.6121
6.23306
5.34562
2.96775
4.53914
2.88037
4.74016
5.74607
9.46739
6.97266
6.05601
6.53774
5.29184
7.64158
4.81409
4.37215
5.37788
5.87079
7.36666
5.13852
6.93166
4.39132
4.3922
6.52375
6.31673
5.83133
4.69528
4.09748
4.88493
2.75107
3.71019
4.24017
5.40236
5.54395
5.93351
5.00911
5.03686
4.79375
5.91319
5.89364
4.70972
7.43155
3.85639
4.76265
5.38777
4.16915
5.77859
6.3207
5.16423
5.32716
5.40652
6.51131
3.58865
4.06119
7.7885
7.45199
4.23877
5.02329
6.84339
4.98643
8.60786
8.54514
5.90366
4.09042
5.13166
5.97089
5.92654
6.35715
6.02181
6.81295
3.83758
6.26352
4.22479
4.17339
2.9777
5.88907
5.43324
6.20384
4.15083
4.22859
7.42812
4.89526
4.83317
6.68386
4.98181
6.58969
5.06877
5.55999
5.58541
6.23056
4.30854
4.90031
4.23444
3.67942
2.63969
4.85949
5.46958
7.68749
5.33292
5.8388
5.04808
4.9877
4.55809
8.14084
6.06162
5.61207
4.28525
4.63271
5.17222
5.44829
6.64486
4.49435
6.96227
6.15643
6.81428
5.75176
0.735708
4.91711
4.48621
7.94509
4.70151
5.29112
5.40586
7.90538
6.33584
4.07774
7.06343
5.1141
4.20725
5.91658
5.1684
5.10736
4.39877
5.8202
3.7858
5.12317
5.40397
7.05155
5.20997
7.80836
4.40402
4.17774
7.20199
4.32122
5.72584
6.85902
4.11594
6.21233
6.24943
5.95677
4.20554
6.1015
5.48282
5.56556
4.1723
6.02052
5.65428
5.94886
5.31017
7.19
4.27512
3.54306
4.65491
5.27897
4.38416
5.21115
6.56739
5.96474
6.25909
7.63441
3.82929
5.41895
5.52137
4.24462
7.41951
4.19118
5.8537
5.88709
4.8364
5.04148
4.7853
7.02126
4.48633
5.40599
4.13873
5.90418
6.50611
5.18634
4.14868
5.6586
4.59626
7.02911
7.05186
6.24598
5.00185
4.64558
3.39751
4.30695
3.70211
6.42406
5.20384
8.52747
4.79025
5.85712
6.50265
3.70412
5.96022
6.68323
7.00723
6.47244
4.62614
5.67061
5.79376
3.98829
4.91275
4.46946
5.39157
4.52548
4.56061
4.71801
3.97884
6.84397
4.67596
6.46353
3.72844
4.57385
5.47933
4.16309
5.84284
2.29103
5.01597
4.21117
4.86078
5.00029
4.39731
3.52778
3.97275
5.71385
5.25644
3.72685
4.39198
4.02673
5.84999
5.07906
6.97373
5.55341
4.41315
5.31593
6.98284
3.61369
5.43898
4.22303
4.44975
3.62166
6.56728
4.82643
4.80555
6.53151
3.78328
5.93597
4.23071
4.17082
4.34879
6.39395
3.84584
4.42946
5.25372
4.93797
5.65906
4.72843
4.77552
6.55218
4.6055
0.991091
4.28639
4.56603
5.33369
5.5284
4.47731
5.1906
5.49713
4.99255
9.33377
4.0349
5.54754
4.9768
7.20416
5.86294
4.23875
5.92629
5.15459
6.3015
6.90146
6.32162
4.36887
4.82988
5.05626
3.4163
6.41153
4.31375
6.53942
3.56972
5.59736
4.56652
4.67379
5.34416
5.72362
4.66261
3.58406
5.62104
3.44829
5.53181
7.84152
5.10053
4.29026
4.64735
3.74838
5.17751
5.63661
5.91465
4.72665
4.47577
5.47368
5.68548
4.26486
6.32618
3.44568
6.36873
6.68682
5.21715
3.58613
5.6181
5.29793
7.21051
6.3824
4.35332
4.72531
5.58516
4.15094
3.2023
3.62109
3.20632
5.91063
4.08409
4.84288
3.82657
5.17331
4.85161
5.56899
5.11596
1.81321
4.95479
3.37895
5.89847
5.98648
3.78813
5.51588
4.65996
4.45295
4.66245
2.85675
3.25058
5.13622
5.92347
3.58668
5.74165
4.20075
6.27748
3.62944
4.33156
3.06907
5.42125
4.34
4.09159
5.76861
3.71266
3.80469
5.91731
6.22508
3.99382
5.51997
5.25448
3.08663
5.49304
4.95103
5.41078
3.96767
6.26918
4.25444
4.23156
5.38779
5.29453
4.66974
6.23936
6.40189
5.81765
5.45127
4.41917
6.66514
5.95048
6.77201
4.82829
4.53593
3.43527
5.26592
5.64968
5.50528
5.67504
3.18411
4.26298
5.61544
6.30524
5.88205
4.48191
4.28433
4.67962
5.39209
6.28189
5.87266
5.4982
4.35014
2.99334
5.83007
3.29198
4.49653
7.22933
5.816
5.04004
3.73344
5.84351
0.780578
4.56645
4.79854
4.89762
5.48435
7.10352
7.06201
4.12872
5.80602
5.56907
4.52595
3.26459
4.9323
6.65104
3.31048
5.54814
3.99588
5.95829
3.90489
7.32456
3.91865
4.64905
5.71593
4.14595
6.00977
3.86025
3.62639
5.58319
4.20629
4.58506
4.82975
5.48327
2.56535
5.28409
3.98447
4.34956
8.04722
3.67245
4.60437
4.46598
4.4722
6.60285
4.85997
3.82876
3.43983
5.36094
4.43446
4.28601
4.07354
4.94018
5.00038
5.67456
5.12924
3.72888
3.45758
5.25459
4.98034
5.39498
5.13195
5.40116
3.38122
5.38979
6.28868
3.33197
5.67909
4.78944
3.93189
6.06114
6.46108
4.38913
5.30063
3.7688
3.99141
5.35515
3.50287
3.60508
4.70969
6.01824
6.0675
4.4462
2.49925
4.83759
4.87307
3.63624
5.75646
4.33186
4.78145
5.39076
4.15966
5.21733
4.66484
4.90582
4.66711
4.43784
3.35964
5.56948
3.61573
7.18915
4.72622
4.0566
2.30636
5.9381
6.87163
4.51004
4.27186
6.54199
4.54013
4.72958
3.29484
2.53718
3.68855
3.5845
3.97997
4.83893
6.12278
5.27048
3.62499
4.86332
5.63161
5.95821
4.14316
5.3119
4.24101
6.85648
5.28733
3.01478
4.39277
5.7866
3.5744
5.30986
4.72254
3.64523
5.60308
5.891
5.72528
4.88104
3.13459
5.21024
6.30927
6.68599
6.1534
5.24128
5.42547
6.1001
6.20218
4.13366
3.68956
4.57488
3.73468
5.35142
4.42931
5.76887
2.73685
3.68066
4.86322
4.46172
4.02786
1.42661
2.12108
3.44899
5.86023
4.10223
4.46269
7.71236
5.73025
6.21599
3.61754
7.28258
3.16821
4.35889
4.21914
4.54208
4.96416
3.59637
3.53172
4.91119
4.62214
3.68495
2.55799
2.82084
6.36984
4.64754
5.98127
4.83069
6.26067
5.04385
3.00568
4.62542
6.5406
2.6526
4.14018
3.66712
4.19547
4.51792
7.70957
2.92183
6.65543
4.11149
5.1664
4.0357
2.47945
3.54159
4.2505
2.96868
3.67847
3.22748
4.29726
4.58348
6.28424
4.18317
5.68701
3.54046
4.45891
2.95391
4.65002
3.81875
4.42833
5.85444
4.52951
4.14484
7.02337
4.41545
4.66401
5.48051
5.0777
3.68339
5.77329
6.46359
5.46302
2.35033
4.03131
4.52621
3.61997
4.36466
5.50281
4.44828
3.94479
4.68524
2.88921
5.2317
3.30918
2.59968
4.53846
5.26568
4.37084
3.23464
6.02536
5.00435
4.03781
7.99373
6.58714
5.22944
3.06057
3.68275
4.37694
6.12921
2.83819
5.1209
4.74579
3.99825
7.59094
4.50103
3.34333
5.13263
3.93091
4.26417
3.46525
5.27506
6.45969
3.6234
3.94857
3.21436
4.05162
7.86474
6.12299
5.14074
5.51869
4.17429
4.53569
5.5719
4.74441
4.73862
4.6655
5.34836
4.09827
5.98063
4.2711
3.40865
4.09756
4.49028
4.96972
5.03282
3.76249
5.47558
3.74321
6.43134
5.92551
7.66243
4.22123
5.78423
4.43578
3.06426
3.90645
5.62894
2.9541
5.70955
5.42447
3.62201
4.38045
5.32422
3.91234
4.964
3.78371
3.811
0.839464
4.94121
4.70454
5.03227
1.97401
4.04514
5.14149
3.38619
2.94433
4.67883
4.30734
5.63597
3.58069
6.25389
4.96466
4.85649
6.46012
3.732
2.5042
5.47772
3.81831
5.15265
5.06243
4.20374
5.04478
7.19295
2.52889
5.05465
4.38925
5.22055
2.44532
4.69348
2.96479
4.32192
4.58562
2.8027
3.80747
6.56651
5.20083
4.66268
6.99793
5.55021
4.34262
3.88765
6.34672
3.10182
2.82093
4.25138
4.18516
3.92125
4.07499
5.51119
3.89124
3.26823
1.98596
4.21527
4.5241
4.63337
2.76327
4.90073
2.53786
6.08493
6.45338
4.70435
5.57327
2.77476
3.29487
5.20674
3.44348
2.4784
4.544
3.97942
4.45124
3.62432
6.13356
2.08594
5.25788
5.28628
4.1129
4.61886
3.96107
3.92944
2.80533
3.71094
4.22457
2.63401
3.56782
5.22194
4.14029
3.66049
3.8956
5.61881
4.69201
3.70354
3.96242
4.24984
4.59474
4.54603
3.80366
3.94395
3.97384
5.9582
6.12074
5.56357
5.35025
4.31301
2.72911
4.31015
5.54481
6.21449
5.58065
3.70152
4.39106
5.34547
2.32399
4.13713
3.51372
5.21044
4.33231
5.50159
6.42694
7.27399
5.63479
3.62328
6.5349
6.35855
3.22359
4.82841
5.39545
4.74279
3.72499
6.23613
4.48638
4.99526
4.02306
3.61446
5.68408
2.45587
4.76422
3.77679
3.51199
4.55841
2.78888
7.06468
5.24449
4.88885
4.29158
4.09811
3.3645
4.49466
4.42237
6.20423
4.12875
4.53736
3.95693
5.23734
2.84817
1.88292
4.87728
3.94873
5.81078
3.83741
4.03054
2.69477
3.77273
5.49166
5.29909
4.62024
2.43443
5.42516
5.58429
4.18177
5.06029
5.44356
3.27015
6.15501
4.61042
4.87319
4.29236
3.69589
4.22944
5.35703
3.62669
4.59111
7.13741
3.94592
4.56986
3.42617
4.51788
3.27519
4.33611
6.94081
5.23931
1.97607
3.72805
6.81995
4.27946
2.08548
2.77762
6.15696
3.88685
4.82489
4.85029
5.08356
4.54295
3.65884
4.55031
3.16475
4.37868
4.16343
5.45171
6.22064
4.53951
3.39757
3.73711
3.92922
2.88397
5.76951
3.96449
2.08986
2.41896
3.42693
6.12594
5.57325
4.57574
5.49904
6.46117
4.91513
4.44481
3.16217
5.06414
4.28835
5.00992
3.72023
4.10859
6.20752
2.90928
3.86249
4.79858
3.02095
6.43296
3.50278
4.04208
3.36958
5.22704
2.96023
5.33644
5.03559
2.86943
3.76768
5.18638
4.31368
3.37789
4.25936
4.05672
3.71817
2.87442
5.01397
3.39609
3.0993
3.30512
4.58405
4.78727
5.22287
2.3929
2.52963
5.14716
3.77243
3.97087
4.30417
4.78935
4.40097
3.50411
3.8725
3.3946
3.08676
4.64107
4.79596
4.78454
3.46347
4.38987
6.23682
6.67195
4.47799
3.644
5.31896
3.2557
4.8118
3.76804
5.07442
4.6262
4.0344
6.22784
4.64087
3.44417
2.68507
4.18003
3.77419
3.12876
3.16822
4.30833
2.09445
3.0637
5.25151
7.29161
5.14149
3.48603
3.24231
3.24868
5.74812
2.96216
5.40548
3.25409
5.09456
0.164288
5.54077
3.08407
2.37322
3.41561
3.81467
4.85141
3.03821
4.39418
4.97186
4.06803
4.31489
2.81103
3.24922
3.6097
3.5225
5.17172
3.23042
3.0273
4.17429
3.18481
4.37443
4.85647
5.56341
4.35985
5.63089
2.919
3.99475
4.42163
5.1792
4.27698
3.65968
4.13383
3.75337
5.0869
4.14351
3.97008
5.82337
3.85025
4.00105
3.66676
2.04808
2.50613
2.70573
4.98281
2.83857
2.63996
4.58933
3.58277
3.61237
5.05847
3.76048
6.10507
3.78221
4.54158
3.93726
4.38463
3.05975
3.42998
5.75455
3.79992
4.0644
3.66858
3.19349
6.31126
6.38902
6.92977
2.78715
2.1723
4.84548
5.77841
2.45987
5.38949
4.22734
2.50995
4.04784
3.72386
4.22306
5.46445
4.75582
3.85135
6.17199
3.02918
3.22786
4.33727
3.96534
5.82123
4.35013
4.39022
4.36129
4.2251
3.07093
6.33706
5.23854
4.06757
3.02319
6.9373
2.39609
5.95447
5.31485
3.80332
4.58835
3.02003
5.15505
5.03148
5.06172
3.99049
4.60602
3.75014
2.6023
5.0754
4.20642
4.9372
3.51215
5.89714
6.05773
4.56717
3.54882
3.00889
3.08057
3.10461
6.07187
4.56814
3.93125
4.78314
4.25609
3.96657
3.775
2.90121
5.49818
3.78691
4.80283
4.13437
4.48148
4.12495
4.07379
2.87468
5.93207
3.64988
3.2983
3.74843
4.77279
3.32751
3.76167
5.44135
2.81642
4.32317
3.67513
2.83437
2.32878
4.41058
3.64196
6.56264
3.52455
2.67084
4.96066
4.43977
0.950577
4.06755
2.12445
6.23172
3.5741
3.78441
2.36094
4.9299
3.01134
3.94024
4.54613
5.66905
4.39776
6.58053
4.30722
5.14853
3.52771
3.81702
4.94936
3.56212
3.64085
2.57427
4.45895
4.29063
5.11912
4.22708
5.34415
2.82071
3.8236
3.74503
4.81635
3.29572
3.19825
2.83445
3.70652
5.26796
3.11802
4.98362
3.55379
3.59546
1.35031
3.69925
3.24543
4.58904
5.23094
3.82408
5.97731
3.41507
4.2852
3.61068
3.2873
4.26696
6.51118
2.57234
6.38211
3.95391
5.07772
1.98659
3.96344
3.53518
3.71633
4.41607
2.96363
2.92738
2.82504
4.21442
4.84062
2.37769
5.34056
3.50119
5.73565
4.42532
5.33765
4.68018
2.34529
2.06697
7.16413
2.64903
3.98043
3.83264
4.12496
2.7939
4.66603
3.47677
2.61365
2.66628
4.52763
4.86676
4.00065
3.75254
4.07141
3.54678
3.30721
6.12406
3.18269
1.64444
3.9297
2.8784
4.17595
5.41659
5.26804
4.32391
3.96333
5.46453
4.30107
4.34221
4.67176
4.37106
5.8168
4.67319
3.76666
3.88011
2.52645
2.69067
4.00719
4.04419
2.38027
3.83645
5.09883
4.4964
2.3734
4.04294
5.26054
5.84795
3.61147
4.15329
5.09577
3.0832
4.41896
2.81162
4.91294
2.81434
3.72705
3.03736
2.65678
4.21371
2.49512
3.1509
5.79895
4.56115
2.82824
6.79315
3.35612
2.98096
3.98629
4.15469
5.94885
5.10272
6.2464
5.76588
3.08399
4.27961
5.16491
2.45127
2.99255
4.97012
3.37321
1.17844
3.61561
1.75061
5.01137
4.4132
3.27598
4.5484
4.34681
5.21539
3.82178
2.21318
3.95167
5.64327
3.20977
3.92044
4.05513
4.74857
4.51144
2.21928
2.82281
4.83788
3.8849
4.77935
4.31002
4.13979
3.40908
2.96002
2.40273
2.79456
7.38437
6.46825
3.7048
3.11529
4.67428
4.00166
3.41083
3.30069
7.50524
4.51002
4.92384
4.3119
3.47232
2.84358
2.55361
3.30119
3.41082
3.15628
2.67842
3.87062
4.84692
3.99437
4.49472
4.83118
3.12806
4.74958
2.62645
4.3883
4.96792
2.78652
3.76411
3.64736
3.16662
3.75038
2.27745
2.99589
3.57983
3.87735
4.29346
5.19939
2.11542
5.43235
3.33769
3.12034
4.88688
3.27391
4.61868
5.26799
4.7109
5.15046
3.93119
2.52122
3.25917
5.19538
3.92002
3.21568
2.74129
3.62498
3.94278
6.41591
3.30363
1.63913
2.39374
4.02554
3.31583
2.75616
4.97171
4.74483
5.2769
2.60978
4.58739
5.68503
4.56179
3.66708
6.82429
4.13491
2.7353
6.28566
3.53438
2.4556
2.59994
3.88228
5.37174
2.85525
5.27223
1.56095
3.72538
3.42965
3.45618
4.1075
3.02243
4.97269
2.67813
6.38063
3.387
5.36105
3.33397
3.64101
4.20982
2.92881
2.73353
3.63006
2.81335
2.462
5.9535
3.50157
4.7348
1.88297
4.18248
4.01033
5.78961
3.09303
5.38056
4.614
4.88852
3.33397
3.19223
4.32067
3.05208
5.55334
4.67075
4.04897
3.82764
4.86555
4.08377
2.49924
2.36146
3.83448
1.1536
4.01001
4.73284
3.06671
3.60956
4.99983
3.09297
4.02179
3.63417
4.18221
2.72434
2.44508
4.49753
2.90387
3.20531
4.12475
4.74578
3.64295
2.25275
3.28258
2.99231
4.89892
4.91
5.23047
2.08388
3.24424
5.98391
3.59813
4.77247
1.93592
3.98637
3.24765
2.5385
3.48013
4.15882
5.17467
4.94661
4.0463
3.10867
2.86228
4.62922
1.98232
3.59538
4.16276
3.30609
4.29449
3.20113
3.1347
2.77842
2.85201
4.06885
3.06895
5.81569
5.47635
5.3365
4.7891
5.12939
3.95605
2.58259
2.57726
3.61361
3.28921
4.09032
1.94915
3.10517
3.47806
5.76902
5.33458
1.75436
6.16733
6.96336
5.06691
3.6031
3.19137
4.37124
4.05772
5.80776
3.58963
4.14406
3.0242
2.66937
3.53849
3.46583
2.84034
3.44239
2.99326
2.79998
2.55998
3.90264
5.5289
4.33004
4.88581
3.64814
3.74676
4.59164
3.91691
6.27798
3.01676
3.58062
6.15844
2.59591
5.04731
3.87624
3.79051
2.84171
4.40397
4.1641
3.77482
3.25514
3.7364
3.6056
4.99487
4.84991
6.42222
6.26956
2.62943
5.73382
4.57483
2.33339
3.93344
2.99373
4.44722
5.26332
2.70889
2.86314
1.46357
2.15961
4.16023
3.64318
4.5773
5.04276
3.46421
2.36302
5.71524
5.15834
5.54309
2.95775
4.49212
3.78713
2.5308
1.86204
4.60598
3.49214
3.85928
2.21443
3.66317
3.48837
3.99817
2.55716
2.76931
4.54775
2.48077
4.18447
1.3284
2.67475
3.27808
3.15949
1.7533
2.55574
5.31247
4.44731
5.02486
4.29515
4.26508
2.31891
2.47691
3.55506
2.2514
3.75071
4.41035
4.63723
5.75723
3.62035
3.36426
5.08849
3.77292
2.58737
3.70373
2.5597
3.43065
3.19748
3.60041
2.72601
3.10341
4.02831
3.60489
1.88599
4.30781
4.76096
5.5595
3.51897
2.38595
5.08489
2.51438
3.31984
3.33522
4.46745
3.16885
4.26798
2.82544
4.73429
5.00865
4.89404
3.06904
3.63845
2.37597
3.04895
3.08781
2.71649
2.59512
4.81979
3.8287
4.53368
3.6913
3.38217
2.85549
4.39249
3.77263
4.64401
3.59044
4.37425
3.93228
4.24698
4.57256
2.78012
3.33485
4.82952
3.71374
3.74043
2.76259
4.10239
2.59315
5.83121
2.92241
2.72307
5.01983
4.59154
3.13341
4.14937
4.09779
4.48033
4.74853
4.24955
4.8076
3.21024
5.40223
4.17371
3.45598
3.32909
3.27905
3.85419
2.71207
4.56227
5.7806
2.85604
3.07171
4.48396
4.9141
2.41166
3.50049
5.84507
3.86524
3.15405
3.16196
3.23803
3.76824
2.61797
3.52704
2.84385
3.13584
4.49886
2.83932
3.06994
2.18588
2.55497
4.53657
4.7247
2.90203
2.3478
4.28739
3.37088
6.49981
2.68584
3.7547
4.68654
4.47697
2.69867
3.4454
2.75974
2.01035
4.42933
3.69119
4.35688
2.77899
2.79452
3.15224
3.13093
3.54206
5.99946
3.80404
3.32167
3.65577
5.63976
5.38355
2.25226
3.84888
2.95341
3.13132
5.79098
4.12232
1.95694
4.42588
3.09195
2.41062
0.976653
2.92916
5.44427
4.44737
5.57257
1.62856
4.12497
3.88874
1.73116
3.82099
3.60574
3.03166
1.98568
5.31485
2.30553
3.81877
3.45353
4.10326
3.91391
4.51742
3.44188
3.92893
3.98451
2.56141
2.48132
4.51869
4.03221
1.86032
1.88034
5.24331
4.36275
5.60247
4.48007
4.39522
3.28554
3.47956
4.77764
2.73037
3.76898
4.25594
4.25665
2.9586
4.22758
4.54079
1.76602
4.33728
2.73036
5.01067
2.60664
5.92026
5.01568
2.97651
2.26715
4.6982
2.22117
2.61542
2.79388
3.33253
3.09405
2.53073
3.92257
3.46593
5.80929
1.88135
2.69617
3.76128
2.11152
4.14237
2.20017
3.83671
2.83219
5.00137
3.87651
3.47893
2.7844
3.86864
3.85212
5.38461
3.48717
3.53434
4.08733
2.99169
2.90612
3.75376
3.40019
0.982237
2.54823
3.70887
3.39287
4.31249
4.98094
3.89623
3.76248
3.23871
2.25498
3.41525
5.28867
3.46877
3.05007
5.51025
2.58081
3.54999
3.39194
4.88931
5.00987
3.36907
5.36683
3.42654
2.22099
2.80907
5.10132
5.10978
4.02157
4.31783
3.8068
2.66387
2.69217
3.77016
3.1426
4.80933
3.89479
3.8375
1.71324
3.16753
3.47163
4.52336
2.63754
4.4895
5.08684
2.08325
2.8806
3.99545
2.81785
2.92155
4.33665
4.0708
3.20308
2.94465
4.15359
3.72733
3.8548
3.89977
2.12964
5.43626
2.87644
5.6629
2.41294
3.50593
1.40031
3.80126
3.44776
4.72043
4.698
4.24948
4.51324
3.46838
2.98191
1.2961
2.63766
3.51843
2.90062
6.78538
1.9569
3.87785
2.56887
4.34334
4.06735
3.34782
3.51609
3.10687
5.96132
4.24719
3.7397
3.64191
3.97343
4.88162
3.72381
4.18922
2.98496
4.44854
3.29793
3.0937
3.42222
3.70229
3.01413
3.46532
3.03428
4.19079
2.02872
6.54913
3.59788
2.57939
3.08338
1.84709
4.19844
4.06483
2.46368
2.89344
5.65863
1.6194
3.10173
2.41449
3.52809
2.97601
2.40406
4.15657
3.42821
4.33255
3.76354
4.00837
3.53484
2.28205
3.92222
2.19383
2.45778
3.39692
4.80133
2.43972
4.83818
2.39645
2.1978
3.23291
3.92239
1.84716
4.93253
4.83712
2.36277
5.31992
5.48142
3.56307
3.65859
4.58109
6.76129
3.61361
2.55704
2.93573
4.32535
3.3497
2.93778
2.22904
4.60838
4.23377
3.84832
3.68578
5.17083
4.63707
6.78238
4.37941
4.32543
2.23949
3.81079
4.37275
4.33206
2.93568
4.48056
4.95194
4.83241
0.773876
4.06213
2.95258
3.11235
2.47181
2.50047
4.57575
4.40955
4.73852
3.05967
2.40907
2.65229
4.27907
4.0812
1.7413
2.42967
2.72047
3.81452
3.4059
2.71977
3.11
2.43155
4.22471
2.53893
4.39232
3.2129
2.93681
3.24957
1.65523
2.57269
2.70903
2.97489
2.02139
3.10571
3.98952
3.91592
1.82214
2.07044
6.1002
4.74579
2.79556
5.88069
3.79255
2.25369
4.40382
2.85905
5.45952
3.27111
3.81278
2.66796
3.05623
1.89537
4.12377
2.29199
1.96903
5.95326
2.89395
1.09406
4.05412
3.52266
3.16559
3.06681
3.8244
6.99623
3.87473
4.49367
3.52186
3.82791
3.32129
2.61194
4.1531
2.62653
3.84659
3.95425
4.63027
2.74684
4.09906
3.22979
3.77018
2.67648
3.23084
5.79041
3.33666
3.29281
3.75693
3.60961
4.7826
6.11328
3.02576
4.15199
5.61331
3.74548
4.08859
3.26055
2.3604
3.29087
3.97273
6.3554
3.00128
2.05191
1.65158
3.54818
3.23924
5.06244
2.52358
4.6708
2.43214
2.77213
3.44956
3.98575
4.92692
1.92412
2.13901
3.0946
5.03948
4.03561
3.40191
2.41988
2.81128
3.07863
2.26245
3.19622
2.34859
1.9479
2.33012
3.65889
2.10111
3.23351
3.82482
3.30634
1.19184
5.22282
1.62417
1.8921
4.50662
2.93915
3.99024
3.42303
3.27063
2.95816
2.01377
4.10206
3.93925
2.97547
2.98225
4.66057
2.21986
4.1305
3.69498
3.34887
2.58178
2.56612
3.88058
4.64948
1.42156
2.93605
3.57167
2.78663
5.26747
2.18854
4.57264
3.50811
2.98527
2.83723
1.84905
4.98101
2.82975
4.45763
4.30519
2.11819
3.98118
3.42907
5.33911
2.26216
3.09098
3.52167
1.68253
4.95172
4.67603
4.04993
5.0946
2.87729
3.61368
4.82612
2.76178
4.54544
2.87281
6.93914
4.1135
3.7614
2.32035
2.78463
2.08718
2.96921
3.2352
2.55764
1.76836
2.89594
2.35692
3.56738
3.46299
2.42115
2.09576
2.7461
2.8997
2.71944
2.54191
5.39763
3.95808
3.92475
4.30565
3.308
3.88367
5.62832
0.274457
3.2201
4.29314
3.0626
2.66898
3.06544
2.96033
2.92515
2.87321
3.27935
4.69813
2.36796
1.36824
2.44828
3.74517
2.62406
3.78406
3.42938
1.69786
4.44451
3.40227
2.71683
5.57731
1.59954
3.18749
4.37552
3.93299
3.91012
5.21668
5.80986
4.51219
3.728
2.90929
3.60897
4.06123
2.42685
3.45718
2.98402
2.83933
4.88273
3.25232
4.34163
4.63052
3.5213
2.1
2.71674
4.1008
1.31802
2.71781
2.57138
1.96398
2.30494
3.13227
3.83908
3.03379
4.39027
2.03232
4.42826
5.45826
2.90432
3.37317
4.21623
1.77442
3.76969
2.44427
3.16512
3.036
3.34901
2.72057
5.82377
2.37811
3.84508
2.82445
2.27466
3.01811
3.6654
3.26119
1.92346
1.94385
4.54539
4.20266
4.10031
2.96612
3.18356
2.33305
3.71224
3.53966
2.93523
2.98374
4.13478
4.1413
5.29278
2.19301
3.88868
1.34862
3.71203
5.64705
3.25941
6.1078
3.39473
3.09445
3.15114
3.49302
2.99617
3.45072
2.57041
4.1502
4.59459
2.40814
2.41688
2.32589
2.44973
4.20095
4.72978
3.42306
5.8452
4.54667
4.1291
2.94963
3.57458
4.3981
3.9985
4.86249
4.78602
3.61373
3.38683
3.99671
3.30528
4.01863
3.43964
4.3234
2.27477
3.46812
3.94441
2.67764
1.82987
1.99504
1.65542
5.46281
4.32504
1.46364
4.48006
3.96166
3.24135
2.29982
2.79384
3.0148
1.54735
3.82067
4.07185
3.60955
2.85844
3.75692
1.93322
2.4656
4.244
3.80922
0.122866
2.99625
3.23767
3.2906
2.62882
2.8616
3.71963
4.1143
3.8568
2.62789
3.45214
5.10711
3.60883
3.50733
3.55307
6.00975
6.12768
2.17189
4.92281
2.13498
3.98193
2.48485
3.17195
3.21175
4.62914
2.61424
4.34546
3.77673
3.36156
2.34116
3.89043
5.4822
2.80436
2.72681
4.88828
3.26181
2.86724
4.40554
3.88776
5.57125
3.43031
3.00861
3.34646
2.74847
2.36345
2.18182
3.94168
3.72631
2.95473
4.49874
2.95363
3.7293
3.6988
3.03739
3.19138
2.71734
3.99076
4.05402
3.64761
2.77091
4.24693
3.17688
4.42947
2.37071
4.24434
3.52167
3.16064
4.83675
2.52474
1.94733
2.19749
3.56341
3.45412
1.81186
5.10836
4.17893
2.89403
3.08941
5.00102
3.60747
1.60214
3.20708
3.2297
4.14143
1.68143
4.55963
3.00383
4.62667
3.25512
2.85233
2.44093
3.42635
3.04568
4.23805
1.94713
2.63961
4.18169
1.92739
5.1562
4.38159
3.16958
4.0534
2.8945
3.74748
4.96015
1.95246
2.63557
3.78646
1.8574
3.66938
3.1632
5.0813
2.01906
3.18726
4.34487
1.88542
2.93034
2.71877
2.60216
2.0473
2.84675
2.06552
4.1929
3.54069
1.99724
1.33958
4.14301
1.91628
3.41026
3.81317
3.16107
4.88238
2.85183
2.25849
3.55604
1.97044
2.57983
2.95797
3.81148
2.27756
3.73068
1.97531
3.24696
3.91427
2.70871
3.17216
3.42139
2.79127
3.11596
3.82012
3.06092
2.60654
1.49063
3.44349
3.83725
2.24907
3.12808
1.17855
3.67127
3.08084
3.66644
3.93968
1.76361
3.14178
3.39434
3.7437
2.9697
3.49389
2.93394
2.79446
3.86241
3.68833
4.2396
2.68509
3.49723
3.92489
3.32496
4.4459
1.95122
2.95402
2.15043
2.74502
1.93823
3.44405
2.06537
3.158
2.95599
2.6355
5.96772
4.73625
3.28931
3.70711
3.32211
3.86156
6.05031
3.13838
2.38273
2.56674
2.8039
3.61465
2.7358
3.3745
4.29667
3.2052
2.81631
3.71896
3.13219
3.37776
3.3624
1.96255
1.18057
2.57552
3.47111
2.97724
4.335
1.60589
2.6296
4.60907
3.3622
3.22393
3.04781
4.67404
3.62213
3.56257
2.54907
3.99065
3.76157
2.72544
2.00813
2.48778
3.75417
2.3981
4.59587
2.63484
1.84531
5.6595
2.18624
4.28445
1.78796
4.03492
3.16917
4.374
2.85778
3.28353
3.61274
4.0313
2.4147
5.28355
2.03755
2.85606
4.52509
3.23926
3.13645
2.89438
3.31217
1.69261
4.10693
4.06881
3.29045
2.91576
3.14632
3.07341
3.50035
2.49293
3.19619
3.52055
3.50319
2.58818
4.94071
2.75566
4.03708
4.8208
2.71499
4.43655
2.29009
4.91575
1.7903
1.49976
5.4887
3.69977
2.81592
3.38495
2.2972
2.5318
4.34854
1.55834
1.63187
4.18501
3.42103
2.32026
2.39995
4.67551
2.2621
3.0539
1.92843
3.13979
3.45567
4.12414
3.57454
3.96587
3.55319
4.25548
1.8804
2.83951
3.20314
4.56612
3.6921
3.33946
3.94443
2.61335
1.97215
2.72346
3.1929
3.20493
0.143802
3.31371
2.05413
1.60926
3.40575
1.23432
4.10492
2.36803
3.83216
2.51824
4.27501
5.63407
2.3252
2.11262
4.45425
1.9277
3.58745
2.35637
3.55755
2.38709
2.23361
3.70324
2.81258
2.38434
3.41654
2.06123
1.37523
3.89299
3.41152
2.72667
4.06409
5.53604
3.71475
2.3895
2.79366
3.68138
2.2354
3.6265
3.69661
4.37305
3.64229
5.13274
3.47047
5.19025
2.06823
5.72343
5.71019
1.86352
4.01101
2.94598
2.73387
2.12257
2.36576
1.84649
3.06167
2.28539
3.76243
3.70735
1.55806
3.48992
1.73544
3.45664
2.59452
3.20186
3.49823
2.93807
2.57613
3.66617
3.64076
2.03127
2.3286
3.43304
2.88953
1.45953
2.21728
3.75446
2.67313
4.60824
3.68857
1.21581
1.32563
4.55474
5.59641
3.9871
2.68834
2.06801
1.37966
4.73087
1.83019
3.82552
4.54462
4.29839
6.38995
6.18354
4.28783
2.79209
2.73344
3.17341
2.41206
2.62138
3.06165
3.71956
4.17485
4.57759
2.97186
1.89674
1.57162
3.44042
3.17202
3.62372
1.34557
2.65933
4.10601
3.58745
3.49731
1.35991
3.69385
3.42593
4.00152
2.38568
3.00579
4.45242
4.04813
3.46371
2.90813
2.76949
2.47947
3.46695
3.57042
3.01277
3.49141
3.73547
3.59511
2.91182
3.60797
4.18839
1.48298
2.39667
3.75976
3.70873
4.35647
1.87398
4.19204
3.1793
2.59743
4.17109
3.77915
3.60128
2.41496
4.36729
3.56253
2.24328
2.15922
1.79097
4.02056
3.06389
2.92338
0.0549522
2.75735
2.14154
3.5415
1.70608
4.04603
3.04258
3.45108
2.54912
3.98512
2.85199
3.23482
2.70043
4.12826
3.13642
2.85049
2.66953
3.73455
3.73017
2.33193
2.45541
4.24637
2.06095
2.66893
3.00342
1.97082
4.23493
2.91788
3.21026
2.10806
3.39976
2.48589
3.62974
3.18415
4.32707
4.75258
4.38889
2.25844
2.63001
2.9452
4.52376
3.32215
3.08029
4.05729
3.40931
3.09807
4.7128
2.44572
3.79463
2.8544
2.02567
4.94419
3.78868
2.43859
2.7124
4.09902
2.01122
3.82797
4.84574
4.48686
4.36443
1.22219
2.43879
2.73422
3.30796
3.74989
4.08709
4.59649
3.73564
2.03785
2.51473
1.32595
3.06383
2.2987
2.97815
1.71534
3.5293
4.28485
3.99
3.04328
4.56859
3.2185
2.63879
2.75759
2.03342
2.76021
3.75641
2.24254
4.84056
4.3845
3.64888
5.68415
1.12215
2.10025
2.96964
4.45177
2.2111
2.48308
2.32287
3.31576
2.17649
2.86806
4.03518
2.06847
3.82068
2.10127
3.28849
2.77408
2.84223
2.55442
4.70545
3.70631
4.25574
1.81406
3.18859
3.9887
4.65803
1.92584
2.07685
2.87022
4.07007
4.51289
3.91855
1.7914
2.62882
2.35354
2.80961
1.88416
2.69969
4.2025
2.60378
4.74608
2.20798
1.65702
3.08421
1.91215
1.29214
1.89707
2.11539
2.28652
3.07283
3.12571
4.04599
2.1226
3.05851
2.44112
3.34409
2.66214
3.96853
5.39549
3.13986
3.15696
3.8293
4.53229
2.80139
3.31937
2.53293
0.871496
2.19374
1.33595
3.02714
4.18209
3.89849
2.46341
1.37535
3.04318
2.65734
3.16362
5.30954
3.18676
4.08466
3.68087
2.26342
2.59891
4.11063
2.28296
4.0514
3.1509
1.98774
1.88924
2.34431
3.59318
3.78797
1.90904
3.70082
3.36022
2.41636
4.63976
1.54022
2.36743
2.75228
3.70738
2.37968
3.78667
2.35386
4.07317
3.03081
4.66491
3.25373
4.42846
4.35943
2.96629
4.55447
3.96033
3.08105
2.07533
1.95213
2.91618
2.70135
3.03107
3.32532
1.3829
2.70951
3.2475
2.21984
2.41568
3.98906
4.3223
2.28759
2.82658
2.96366
2.07998
3.51996
1.68062
4.26333
2.81965
1.43855
3.40771
2.83734
3.64963
3.73187
6.28023
2.77086
1.52073
3.382
4.92181
4.55649
4.44266
3.03205
3.18582
1.92985
2.09232
3.06254
1.65807
2.83059
2.35209
3.2232
2.35969
4.77974
2.88292
4.48838
4.08158
3.94958
2.22133
3.32964
0.988001
4.88604
2.58021
2.87269
4.10168
4.08118
2.50672
2.28524
2.30403
2.23606
3.41883
3.13383
3.33107
3.76893
3.14913
2.81447
1.84558
2.44743
2.77016
3.66446
2.08589
4.2491
3.41767
4.68895
4.33592
3.75441
1.53845
2.32553
1.31321
2.80512
2.22547
1.85894
2.10048
3.18089
3.42261
4.1517
3.7471
3.81364
3.51672
4.00928
2.17707
3.26348
3.40833
4.80642
1.97525
2.04528
3.82172
1.96575
3.18577
2.89813
4.22322
2.72282
4.10745
3.68848
1.24206
2.60181
3.25691
4.34017
1.37848
1.00484
5.26533
4.08651
3.63918
2.80842
1.22396
2.29267
3.60031
3.69976
3.9442
1.87758
5.26512
2.8233
3.96958
3.05823
3.34868
2.6858
1.79288
3.26475
4.00886
3.12873
3.03586
2.39962
3.91936
2.44854
3.81457
3.85987
3.5145
2.96514
2.10854
2.37789
3.47396
2.49113
2.68818
2.40928
2.80766
3.3376
5.11308
3.09711
0.94833
3.32696
2.84088
1.5891
1.7085
2.73879
4.6399
3.41944
1.94314
4.36448
1.75953
3.34888
2.83541
2.25066
3.34846
3.07372
2.06839
2.75838
2.57382
3.19892
3.43119
2.68646
2.59031
4.82044
2.50167
3.43752
2.48491
1.20889
1.69693
1.98086
4.41397
2.92019
2.70225
4.73224
1.97788
3.55251
3.07782
3.0369
3.67503
3.60875
2.76432
4.66525
2.50206
3.21659
4.1572
3.724
3.07271
2.84872
2.58974
3.11063
1.95351
3.19175
1.33984
1.40115
2.24538
1.08793
3.81817
3.99744
3.27957
3.43593
3.52717
3.3316
4.12002
4.63771
3.41003
4.75383
3.68897
1.97194
2.70909
4.23069
2.76728
3.42473
3.24269
2.53161
2.57065
4.21246
4.24179
1.34991
2.4073
3.95683
3.76798
4.54564
2.70557
1.69261
1.98944
3.06437
2.815
3.38067
3.34747
5.39617
2.21622
1.83713
4.37498
1.92108
3.35064
3.681
2.95663
2.50068
3.29988
2.50528
2.33952
2.17536
2.23788
2.21365
1.41863
3.04727
3.13466
2.95784
3.4682
1.88356
1.94649
3.81039
4.02057
1.91407
3.46391
2.74778
3.57336
2.1456
0.965743
3.24583
3.45514
2.71648
2.20985
5.05918
3.83342
2.37427
1.71567
3.62461
2.53074
3.45026
2.85844
2.4947
2.23355
3.37866
2.25927
2.19136
2.96333
2.24132
3.18852
2.06654
3.34468
3.16805
5.80544
3.4165
2.83573
3.46964
3.38867
2.3086
4.47326
3.70149
2.92245
2.69159
2.33502
1.86836
4.66914
2.82157
3.26617
3.27329
3.07648
2.33476
3.80542
2.37724
1.97201
1.22845
4.91239
3.42448
2.77308
4.35363
3.87723
2.65455
3.36917
1.93441
2.03766
3.16945
3.66602
4.35388
1.71134
1.55937
3.01269
2.6185
2.25879
1.64132
4.55383
3.52315
3.38263
3.14304
2.95254
2.07269
2.38413
4.19491
3.503
2.86794
3.29552
3.87669
1.95003
2.4478
2.61027
2.40897
2.54316
2.85576
3.25265
3.2708
1.84991
3.31161
4.4638
2.23476
2.63899
4.2118
1.92617
4.4947
3.48909
4.62468
2.23181
1.93618
2.66956
2.74441
3.37178
2.62184
2.73398
2.02884
2.1347
3.32098
2.61456
2.83873
2.0827
4.20772
3.58452
2.43776
2.18004
3.16065
3.11267
3.16409
3.68989
2.63192
2.85554
3.61948
2.64037
3.56296
4.98968
2.70514
1.23266
3.29325
2.13997
2.79258
2.62147
2.03958
5.57893
1.68398
3.20333
4.3703
2.34479
2.05184
3.6353
2.22526
2.05821
2.8582
2.30521
2.31695
2.97958
2.66787
2.68896
3.6928
3.84184
3.96171
3.3666
2.22991
2.06106
3.0037
4.02961
4.02414
2.36956
2.91276
2.96916
1.91458
2.34781
1.06624
2.67811
1.76331
3.47765
2.16007
3.41555
2.59541
2.0836
3.53862
2.05137
3.42957
3.01635
1.64529
3.31421
1.84732
2.82667
3.36545
3.45603
3.31731
4.50025
3.55062
1.94132
1.26609
1.74197
3.82166
2.28097
2.57809
2.04614
4.9
3.52981
2.70567
2.60546
2.66788
2.137
3.338
3.06937
2.87997
2.08251
3.04082
2.96654
3.871
2.54732
3.06776
3.96146
3.68826
3.24189
2.64913
1.34995
3.8084
0.983248
1.90698
3.04755
3.79345
1.22182
3.65999
2.41731
4.1743
3.29893
3.03341
4.16615
2.16647
3.42202
3.17045
3.39142
2.34132
2.39021
3.44364
3.70001
4.20341
4.4086
3.08537
3.3996
2.45609
4.97291
1.69905
2.16111
2.30374
1.72165
4.59522
3.24217
4.69168
2.5732
3.30931
0.912473
3.29233
2.48435
2.94439
2.38833
2.468
1.74938
1.47488
4.84426
3.16482
3.23306
2.55482
2.46834
3.5568
2.12271
3.25391
3.03485
3.99926
3.07692
4.18422
2.50754
1.31832
1.34823
2.10792
4.23118
3.27309
2.74737
3.39014
2.10968
3.72925
2.68048
2.24356
2.98178
3.92837
3.57326
2.41615
2.92161
2.53769
1.90519
2.95476
5.33877
2.86849
3.39825
2.10829
1.68645
2.0263
2.15781
1.77466
3.55788
2.42241
4.07652
1.57884
4.15294
2.44105
3.14725
2.18735
3.03076
1.5255
3.9067
2.50162
5.21926
3.64255
4.65157
3.56958
3.30888
2.0926
2.35792
0.989162
3.28715
4.1101
2.87172
4.07556
3.82911
2.90115
0.524713
4.73673
2.23435
2.58803
1.11811
2.93125
3.42715
2.15944
1.59716
1.76693
2.11693
4.21592
4.63597
1.90016
4.30246
3.28092
2.4098
2.51673
2.88548
3.21489
1.32527
1.94328
3.2818
2.75216
2.92415
1.84711
3.02422
2.42728
1.83898
2.06618
2.00982
3.17867
2.76458
2.49983
2.57479
3.15959
1.89593
2.44446
3.94787
4.62006
4.47761
2.80997
2.99544
3.53238
3.48572
3.50375
2.86187
3.83244
2.95152
2.5976
1.47562
6.0168
2.4006
2.03235
2.43897
3.25276
2.90764
2.58254
3.21939
3.16223
3.21859
4.32983
4.70379
1.41752
3.85193
4.33696
3.43303
2.31557
5.37453
2.93848
3.93195
3.04244
3.17387
3.14988
3.02205
3.11796
3.58243
2.33455
3.77499
3.75107
2.88606
3.40813
1.30698
1.82979
2.04987
2.91584
2.81491
1.3226
1.8318
5.60391
4.7284
1.7913
1.24361
3.36849
1.78943
2.99661
1.82335
2.85143
3.4353
1.88525
1.84385
1.89816
3.16223
4.50333
1.31707
1.77298
2.74382
2.89212
3.74837
3.59541
3.09668
2.31355
2.36638
3.19076
1.86732
2.3846
2.81858
4.37469
4.10222
2.51496
3.28759
2.69178
2.37956
2.06318
3.23262
2.82593
2.54729
2.43164
2.57571
4.80705
5.18301
1.37509
4.76505
4.31352
1.81604
3.82397
3.0751
0.433833
1.79235
2.81647
1.21792
1.82218
1.80493
2.4871
2.83
2.81348
2.3138
3.03326
3.71566
3.04154
3.99565
2.09677
3.088
3.01277
1.80577
4.18507
2.24348
0.947376
3.10778
2.89738
2.55639
1.79204
1.12462
5.11464
2.72482
3.68745
2.33844
3.38525
2.45934
2.57966
3.16572
3.94597
4.22511
2.48752
2.45851
1.57417
3.51397
3.14038
3.09726
3.08517
3.4564
2.89421
1.12731
2.17619
2.81142
3.29013
4.6453
1.64607
3.71996
2.95015
3.6332
3.03242
3.24718
3.03443
3.20342
0.688266
4.59711
4.49302
3.73738
2.15804
3.04685
2.03395
0.876643
1.06393
2.28737
2.47222
2.6044
2.09089
3.52066
1.10584
1.87274
3.82955
2.77516
2.41696
2.81721
3.39153
1.33743
2.45358
3.00684
2.97343
2.35234
2.22146
3.38635
2.24871
4.1665
2.08838
2.35712
4.1089
3.50783
4.35695
5.08564
2.9864
1.66537
4.99929
2.79939
2.78587
3.52662
2.54043
3.65915
2.40855
2.49553
3.08256
2.36514
2.76668
3.12259
2.03437
2.15505
0.981843
1.80428
2.58225
1.47303
1.43573
3.29603
1.25473
2.90651
2.86405
2.7798
1.53083
1.88001
1.84573
1.61721
1.71621
4.17126
3.1651
2.62829
3.19921
2.57776
6.11469
3.61912
3.79842
3.67714
1.90602
2.77526
3.23871
1.80781
2.52651
3.77076
3.44894
2.94086
2.64006
4.04524
3.09661
3.27868
3.82442
3.68251
2.72323
2.30096
3.78954
1.76631
2.07396
1.89137
1.98236
3.97067
2.37223
4.32256
1.70489
2.13609
1.49018
3.51751
2.67482
3.19544
3.43855
2.99494
4.26779
3.89741
3.1979
4.08485
3.13754
2.10836
1.31667
3.33429
1.76103
4.06027
4.00134
0.115258
2.09415
2.04685
1.584
2.9302
3.78996
3.60287
2.43351
2.44814
3.90802
3.32255
3.43979
2.58028
2.29483
3.39039
4.41994
1.79537
1.2801
3.20324
3.37378
4.00499
2.14959
2.02284
4.43988
3.21945
2.49391
2.66055
2.82864
3.09651
2.03421
4.08243
1.89002
1.39699
0.558622
2.69398
1.71367
2.42206
2.90154
1.76785
3.25496
4.38519
2.8978
1.96952
2.10033
2.23973
2.50969
2.50396
2.56341
2.22023
1.78597
2.80118
3.5626
3.37281
2.68282
3.47542
2.84102
1.18296
3.51834
3.52439
1.76607
3.24033
3.2198
1.24464
3.27858
3.73794
3.81094
2.58011
1.70455
3.82757
2.65861
2.25922
3.33535
4.16979
2.84188
3.73618
2.65758
2.6106
2.24575
1.87528
1.92721
1.14115
3.14279
3.3159
4.20562
2.24135
2.502
3.7654
3.56032
2.26466
2.83952
2.02674
3.63283
3.69887
3.20268
1.98883
4.55627
2.03546
5.52038
1.76183
3.50897
1.44531
1.51327
2.66894
2.37612
2.69751
3.10496
2.89297
1.11986
4.09129
2.50174
4.56814
1.20642
2.71103
3.39736
3.27196
0.641347
2.61466
3.82681
2.3723
2.37041
1.40745
1.36366
2.49096
1.67857
3.84414
3.40166
5.51764
4.08815
3.36089
2.74741
3.34446
2.38823
2.91984
3.20332
2.33851
3.96382
2.30497
1.61467
2.04919
3.11672
3.57916
3.70847
2.67286
2.4828
3.9836
2.43559
2.90296
4.40999
2.53946
3.68848
4.20349
2.3918
3.59169
1.93147
0.962602
1.14446
3.53238
1.55081
2.63839
1.81158
1.81429
2.01446
1.82769
3.41974
2.90982
2.25395
3.5332
2.62388
2.86651
2.37241
3.69344
4.22852
3.11822
1.59278
1.80689
2.66712
3.86903
3.52548
1.05334
2.53534
3.15749
2.62675
4.06061
5.37691
2.63986
2.49596
2.54283
4.18611
2.56716
1.85185
4.50203
1.57709
2.09986
1.56552
3.459
4.99838
3.39978
3.34637
3.24932
4.15058
3.37902
0.950702
3.66004
1.7663
2.23982
2.73919
3.62178
1.33726
6.06929
3.08994
2.1485
1.75272
2.51226
2.71155
3.23742
2.83009
2.66547
3.23885
2.41661
2.17457
2.95842
3.49751
2.92762
2.12363
2.54816
1.37122
1.48781
1.56686
2.98579
2.18486
2.76578
2.87877
3.41265
2.33425
2.88702
1.5906
3.68629
2.61939
2.60387
3.07948
1.8623
1.48874
1.22816
5.05942
1.83307
4.10405
3.91389
2.92459
2.76494
2.56115
2.53154
2.53341
4.10137
1.11588
2.24006
2.60101
3.45926
3.22695
1.15122
2.69394
1.26823
1.28427
2.15654
3.38594
2.41952
2.39837
4.64145
3.35032
1.95407
1.33119
2.81043
1.77052
2.19633
3.37858
1.24603
3.83148
2.30344
2.60125
4.52879
2.86287
2.43131
2.06727
2.34281
2.29794
0.813398
3.14591
2.58332
4.23889
2.34427
3.23617
1.88948
3.38194
2.79907
4.31716
3.211
1.81953
4.33099
4.12442
4.10791
1.75483
3.46762
1.5698
2.99545
3.05947
4.03214
4.35936
2.12114
2.34704
2.84234
1.42233
3.04883
3.10307
2.54005
2.08103
1.53127
2.39696
2.97616
1.88147
4.32042
3.48282
1.83545
2.45669
2.84746
1.46365
3.80818
1.77619
4.04025
2.82175
1.44414
3.6941
2.59461
3.65515
3.36032
1.38829
3.32859
3.51655
3.06822
2.79614
4.04565
2.44802
2.73068
3.40744
2.77154
5.18308
2.6369
2.57195
1.92451
4.25003
0.694601
3.48616
2.00871
1.9437
1.82511
1.70669
2.37659
3.23183
4.68738
1.36094
2.06867
4.1398
1.84593
2.80054
3.94078
2.52146
2.81342
3.17086
2.88548
1.47583
2.1482
2.06881
2.7534
3.16026
3.86736
4.15106
4.7129
2.01221
4.0247
3.3357
1.72216
1.50881
2.49972
1.4858
2.92756
2.06486
3.08074
1.8642
4.07955
1.42079
1.73678
3.77526
4.50716
2.46162
3.11019
2.77753
2.63234
2.94279
2.54548
3.4845
4.21014
3.32076
2.28984
2.49411
1.75794
4.68042
1.93426
1.44919
1.26883
2.78883
1.19853
3.03515
2.32332
2.28348
2.7537
1.92813
1.98109
2.07067
3.32263
1.48104
1.34489
1.95221
2.41825
3.06858
3.87337
4.86192
1.77401
1.80594
1.4861
1.66373
3.85608
1.43431
3.85391
1.73097
2.16977
1.38273
3.05219
2.52505
3.26422
2.56921
3.09775
2.91813
3.53233
3.16002
1.52449
3.01443
2.18771
3.06155
2.77171
3.03332
3.59082
3.92792
2.53417
3.64139
1.9946
2.41071
2.84627
2.68833
3.59219
2.9308
3.45235
1.96424
3.12371
2.23365
3.16183
2.83613
2.822
2.48715
1.39827
2.4395
2.66139
3.11766
3.0852
0.432326
2.58053
1.35222
2.33621
4.03947
1.44687
1.75553
3.55384
1.50009
3.51083
2.96549
2.40036
1.41018
1.80176
2.89629
1.80267
4.47602
2.04113
2.38167
3.78655
3.86912
3.23049
3.0035
3.68697
3.05664
1.85953
3.40427
0.878585
3.36459
1.3136
1.85147
2.32373
2.62235
3.68458
3.11374
2.48041
4.20662
2.71788
4.1208
3.21034
1.67263
2.89286
1.95142
3.27152
2.77535
2.07993
1.74975
0.954464
3.5918
2.49093
2.83124
3.47764
3.10706
1.53942
2.03375
4.82111
3.51061
2.33885
2.73444
3.43877
2.90289
2.78213
4.58134
1.91689
3.70464
2.87673
3.53707
2.92407
1.74797
2.14128
2.31175
3.51408
3.32997
2.09113
2.25302
4.94755
2.35773
3.10424
1.70777
2.88754
1.88506
2.60409
2.13783
2.33488
1.99873
2.95341
1.91703
3.1796
2.28504
1.3608
1.58707
2.72429
2.40452
3.8061
2.59815
3.17105
1.8999
3.38086
1.64071
3.13825
2.02318
3.98468
2.91466
3.41397
1.10381
1.7568
2.77513
2.68673
2.48879
1.91988
3.95447
4.26308
2.50056
3.12817
3.26519
2.23083
3.00696
4.29231
2.67907
2.23526
2.48708
2.00225
2.07034
2.68191
0.916015
2.85658
2.88802
4.01912
1.90214
1.77951
2.27885
2.80888
3.0629
2.26203
1.34961
2.73198
3.19176
2.93754
2.51595
3.2781
2.5773
3.73102
1.85059
3.91828
5.21847
3.97662
1.69599
2.10899
1.87518
1.14628
2.27545
1.76792
3.73464
2.72439
1.66858
2.3848
2.45703
1.28519
2.20791
3.1811
2.44268
3.77615
1.41551
3.89827
3.23669
2.30442
2.62762
3.56451
1.67528
2.92712
2.73249
1.93749
3.81903
2.74826
3.57548
4.07519
2.38519
4.21739
1.83547
1.57493
1.52759
2.49455
1.69735
3.89433
2.57805
2.3648
1.84959
2.13549
2.32416
2.52559
3.53955
2.26632
2.6732
2.48113
2.52615
1.52309
3.5802
3.15767
1.5043
2.4909
3.4729
2.61213
1.53313
2.5308
1.61628
3.20468
1.87422
1.28813
3.97326
3.18867
2.46407
2.58901
2.53321
3.20853
3.91199
1.89295
1.90758
1.29429
2.28223
3.43071
2.75444
2.54624
2.42176
2.72976
2.26924
1.49188
3.64014
1.63012
2.30624
3.16855
1.9363
2.72214
2.63066
1.56702
1.82281
2.12442
2.90663
3.16464
2.68809
3.75465
1.6604
5.13135
2.45749
4.39906
2.10769
3.29799
2.30213
1.45046
3.13497
1.60395
3.61824
2.66792
3.56419
2.355
2.05489
2.4243
3.75264
2.59289
3.21519
2.19456
2.65817
3.94174
2.48182
2.28222
2.79307
1.83407
1.33969
4.53341
3.68167
1.65765
2.96699
1.17651
2.6926
2.88725
3.88371
2.97509
3.18278
2.64773
2.34585
2.7563
3.47931
2.82146
1.2138
4.82779
1.82079
2.65745
3.32612
3.22033
1.44091
3.10633
3.05613
1.71326
3.16721
3.46443
1.76814
2.61143
2.20104
2.74573
2.82522
2.59048
1.61656
1.65679
1.8353
1.2226
3.75424
3.25325
1.8954
2.93704
2.77113
3.88131
2.46686
1.93558
4.42992
2.68221
0.57078
1.28264
3.12426
2.24791
2.09571
3.53505
2.87742
2.59237
3.05648
2.47327
4.65944
2.25446
2.72156
0.884165
4.17302
3.24685
2.24039
3.72479
2.91382
3.13977
2.92252
2.71444
2.10448
2.94249
3.13471
1.70333
2.66161
1.52709
2.33257
1.14901
2.92203
2.37646
1.21932
1.67496
2.29255
3.53228
1.63167
4.51893
2.81104
3.2519
3.25752
2.17196
3.16339
2.54763
1.47311
0.806901
1.89292
1.40836
1.65385
2.11304
2.70967
3.14617
3.31028
1.13014
2.40312
2.45811
3.72204
3.91109
3.683
3.37901
2.1017
1.22518
3.57733
2.31418
1.88519
1.87474
3.13141
1.66771
3.49443
1.8952
1.84405
2.17481
2.64657
1.91962
2.9412
2.29496
1.9145
1.31264
3.12696
2.93624
2.13793
3.3308
2.22152
2.88181
4.10553
2.53843
1.6652
3.08374
0.885445
2.68078
3.41539
2.79769
2.7748
1.6604
2.63698
1.12606
2.53576
3.28465
2.90903
3.05995
4.88904
4.15645
2.43347
0.889329
1.73319
1.40689
2.312
4.72042
3.13891
3.04935
2.14181
1.34235
3.79413
2.69098
3.78504
1.5925
2.00528
1.05185
2.62073
2.52459
2.61533
3.91848
2.65271
2.11445
2.30542
1.19966
2.47534
1.44265
2.69689
1.7985
3.07769
1.33754
3.07148
3.13089
1.05723
3.10982
6.38407
3.56826
3.33829
2.89268
3.37599
3.93508
2.32134
3.58416
1.97605
3.14189
1.75845
1.23539
1.94553
5.31106
1.83759
1.66671
4.12633
3.36634
3.42776
3.82173
3.06236
0.339067
2.15949
1.19805
1.79558
3.58161
3.13217
3.32238
2.22576
1.45108
2.30843
4.14043
2.82914
1.22414
1.83582
1.2682
1.64065
3.12655
1.50814
1.75051
1.94334
1.3519
1.33629
2.30603
3.38188
1.45541
2.86034
3.40621
2.27372
1.97629
1.77733
3.256
2.76609
2.20856
4.27014
3.54644
3.12883
2.64621
3.19551
5.19482
2.68501
3.15932
1.31696
1.98242
3.01691
2.02375
3.44201
1.69208
2.55905
2.2781
2.89957
4.24386
2.94988
0.846079
2.60873
6.39561
1.25312
1.54989
2.33576
1.21046
1.0325
5.61517
2.62488
1.91352
3.11292
4.98792
2.82893
3.26742
2.60062
2.98745
2.70284
2.45193
2.38466
1.86614
3.49268
1.51685
2.07351
4.58754
1.49745
2.39995
4.18981
2.65169
1.46946
2.60615
3.20365
2.54774
1.82845
4.3147
3.11737
2.34503
2.53214
4.56727
2.15344
3.603
1.48111
2.48659
1.9252
0.99134
3.86347
5.12145
2.82981
2.5058
2.62659
1.56174
2.57649
1.73949
3.43215
1.61032
3.33781
1.9295
2.71854
3.39738
3.86635
4.04809
2.56329
1.87725
2.67934
2.68164
3.12189
2.88935
1.32234
2.4464
2.7093
2.09924
2.0913
2.22917
2.25105
2.29195
3.38564
2.64394
1.90528
1.45652
2.91197
3.69154
3.03131
1.94433
1.78825
2.66872
4.33654
2.07171
0.763792
3.0256
2.18075
1.41502
2.24346
3.81912
1.44542
3.16763
2.50441
1.56609
1.2647
3.1621
2.49993
2.75808
2.38455
2.16923
2.11887
2.65969
0.641635
2.61994
2.21141
2.62134
2.16061
1.72269
3.52819
3.22496
0.790281
2.90747
2.92815
3.27122
2.94658
2.03617
1.94333
2.96113
3.80966
2.96747
2.05696
1.96953
1.83406
0.897579
1.60581
3.11199
2.52029
2.90791
2.22569
2.86559
1.47248
3.91854
2.14623
2.35385
3.30831
3.17298
3.23979
2.6147
3.05538
2.16412
2.9118
1.34807
2.78521
3.3089
4.02021
3.17573
3.36979
2.28516
2.67271
3.1287
1.59068
2.13829
3.35919
3.99228
3.12875
2.63431
2.32381
0.95471
2.64429
3.17208
1.56266
2.47825
0.56953
3.32773
2.33716
2.77221
3.67496
4.50555
2.12882
2.82523
3.35904
2.80134
2.5417
2.9864
3.05589
3.48767
3.52859
1.81122
1.3414
3.98674
2.38428
2.69657
1.72748
2.68989
4.09733
1.75131
3.23611
2.59899
3.67778
1.53017
3.49763
1.56534
2.04469
2.55338
1.906
1.81543
1.18487
2.56276
1.33932
1.90486
2.63111
2.00474
3.74337
2.59567
1.69023
2.75666
3.15348
2.06392
1.79098
1.52369
2.33419
2.78634
1.76939
2.37644
2.12082
2.87425
2.39827
2.12389
2.08624
1.39457
0.615977
3.7963
2.93142
1.18775
2.15471
2.75199
2.0994
3.68959
1.49432
2.07149
2.40748
1.11671
3.2938
3.67948
3.41628
2.42497
4.6883
3.23994
1.45631
3.31733
1.91109
3.21571
1.07502
2.35003
2.12257
2.59479
3.4853
2.55024
2.35371
2.98934
2.39898
2.02622
4.00746
2.06222
2.50978
2.01159
2.35707
2.95768
4.10901
0.432426
3.62027
3.26466
1.34186
2.9057
1.93707
1.47481
2.96378
0.907771
1.67698
2.12014
4.60984
2.14729
2.54082
1.67533
2.90708
2.89882
4.1163
2.5227
2.90092
2.59197
2.18021
1.23666
1.92907
3.27257
2.14528
1.46793
2.31842
1.48213
1.56731
3.45813
2.91819
1.84167
2.9461
2.53716
2.16187
3.78282
2.48971
2.22274
1.28987
2.29453
2.78459
2.32405
1.65181
1.50695
2.20885
2.53193
1.92543
1.80766
3.88249
2.39085
4.39837
4.10752
1.49979
2.94027
0.699419
1.96388
3.88066
2.29163
4.79362
4.10814
2.70579
3.0463
3.4071
2.19784
4.21754
2.02935
4.34226
2.72896
2.87525
2.18542
2.12006
3.44681
2.61439
2.87852
1.65753
1.7791
1.5915
0.951994
2.37152
1.37994
1.86047
2.17949
3.71346
3.18185
2.53366
3.11958
2.58235
4.28032
3.23699
2.35235
1.88559
1.95089
2.47368
3.83978
1.81619
1.93902
2.09038
1.05934
2.79635
1.94552
1.81297
3.33055
2.33799
1.43329
1.59293
2.23993
2.79036
3.60168
2.18342
1.13717
2.20053
1.71331
2.07254
1.29871
3.15842
1.69087
3.50761
0.930125
3.20573
3.10553
4.77214
1.07795
2.16363
2.22202
1.65445
1.50533
2.59325
2.02253
2.40114
3.24054
1.19535
4.39706
1.77024
2.18611
2.81265
4.66694
2.59005
2.39658
3.07679
2.66351
1.09848
2.19224
2.55704
2.45873
3.60752
4.56762
1.65909
2.26798
2.49099
1.86054
3.24645
1.88812
6.30737
4.71657
1.70071
2.21886
0.433316
1.17259
2.17261
2.96627
3.17615
1.4525
2.11232
1.45315
2.22691
1.24675
2.91201
1.96419
3.35735
2.40393
2.68262
0.461752
1.56406
3.25333
1.09534
3.47127
1.8279
2.57972
1.50056
1.97714
2.30264
3.38854
1.1823
2.74007
3.00986
1.38516
1.40375
4.28287
1.85673
3.07986
2.57821
2.31546
1.83182
1.42927
2.80907
1.8166
1.50159
1.62125
2.61967
4.1308
2.90448
2.26888
1.63658
3.71598
1.05813
3.91487
3.05386
2.45317
3.21454
1.91729
3.4935
0.753968
2.41041
4.08011
2.59283
3.5863
3.08053
3.41656
3.18107
0.973462
3.15799
2.82667
0.698079
2.49157
2.4057
3.77107
3.40823
2.51233
2.97495
2.41213
0.490392
2.43245
1.21932
3.20346
3.02648
2.53052
2.14389
1.59015
5.13484
2.83354
1.03283
0.992457
1.5111
3.04349
2.35484
3.4159
3.21841
4.06508
2.96324
3.11323
2.68018
2.22028
2.46748
3.86915
2.68098
2.78733
3.01824
1.15093
2.66638
2.84007
3.99541
3.49745
3.24052
1.39357
2.72467
1.97956
2.89131
1.44884
2.01231
2.68119
3.28641
2.59276
3.46434
1.80772
2.07137
2.31843
1.91652
4.42984
1.78494
2.62982
2.75897
2.2411
1.35884
2.84182
1.99765
1.34302
1.82017
2.33437
2.77776
3.22447
2.04357
1.96687
3.04961
1.63826
2.81879
1.68597
1.78504
0.73617
5.09943
2.77077
2.55995
2.30643
2.95949
1.59059
4.55814
2.83311
1.85708
3.52491
3.28683
3.00678
3.74354
2.72722
1.97327
0.350817
1.13195
2.21221
2.90141
1.66902
3.28607
2.73293
2.81274
3.12566
1.99195
1.99778
3.99124
2.95712
1.65343
2.90895
4.89391
2.53536
2.5186
2.37541
2.43343
2.7182
0.635941
1.47657
1.62543
2.63969
2.77735
2.71339
3.43123
3.0094
2.31216
1.44624
2.76858
3.99652
0.523767
1.61422
2.04458
2.18269
2.23497
1.49222
2.0208
3.8498
3.44749
1.14353
2.59723
4.63293
2.26856
1.85528
2.94578
1.10743
4.00514
1.84293
2.07591
2.18298
4.24388
2.59101
2.82948
2.08147
2.01336
1.96808
1.46086
1.33598
1.3103
2.2596
3.31292
2.76486
3.10159
1.82644
2.835
3.80386
2.46666
1.7205
3.38791
4.11996
2.98716
3.14404
2.25193
1.33117
3.52444
2.17229
2.28815
3.78887
1.94949
1.16594
1.9936
3.74203
2.82351
2.5816
1.1903
1.78112
2.09996
2.6317
3.3912
2.73469
3.98427
1.45943
3.72884
2.35942
2.11128
2.62967
1.45501
2.83765
1.89634
1.15917
2.09633
3.86172
4.0396
1.60401
3.09994
2.26935
3.09316
1.20178
2.32442
2.9594
2.25854
2.20663
3.44143
3.47746
3.78328
3.02916
3.10299
2.50116
1.89504
2.58897
0.852764
1.77436
2.62692
2.67986
1.79792
2.75178
3.13692
2.40506
0.981472
3.79307
1.08945
2.69345
3.32009
2.40279
3.17507
1.7022
2.31156
2.61615
1.84203
2.19052
3.82422
1.14946
3.41764
2.05164
2.61816
1.80999
2.5196
0.78796
1.97124
1.4669
2.65679
2.12159
2.74542
1.29868
0.197825
